08816573534
08817040567
08811204767
08814455067
08813450162
08817809206
08817660685
08816423143
08816915942
08811994271
08811670571
08818541309
08819308582
08817542754
08819505227
08818419466
08812369166
08819149167
08816706031
08817992465
08817624411
08813547434
08813698912
08817453580
08811321392
08819551290
08813317002
08816680241
08815546565
08813523708
08818539035
08811517292
08817720252
08818157412
08815844779
08818533487
08817130016
08812227371
08813055862
08818542671
08816103599
08819436355
08813909307
08818455404
08814576662
08811437249
08815043773
08811256262
08813022801
08814601464
08819807001
08816949542
08815673722
08816403934
08818711126
08814842275
08813541567
08811836254
08812413056
08819102728
08819174559
08815346251
08812904156
08819343072
08817863819
08816882346
08814023026
08819062869
08819741744
08819203210
08811300536
08818751909
08815020385
08812771161
08811732205
08813558781
08816921832
08818822564
08816988992
08812261501
08815840299
08814371434
08812509887
08815479438
08816964066
08816923995
08813532138
08816398846
08815643489
08814877950
08817707969
08814905823
08813165292
08814533692
08815682583
08816137166
08816279140
08819858173
08813711753
08812729940
08811121196
08813242907
08812045717
08811847302
08818211623
08813116398
08819228361
08812321363
08811540141
08813953698
08819542606
08814838441
08817074774
08811261554
08813029562
08813217846
08812611782
08812651615
08813068358
08815606244
08813210877
08818899440
08813242780
08819818965
08816807701
08818670736
08815654187
08814140243
08819080292
08814952956
08813257262
08811337321
08816155882
08818191764
08819625119
08816470573
08814851333
08816311097
08815506079
08812203446
08818505366
08819332505
08811720876
08817854572
08819199955
08813160194
08813259688
08817171264
08818612980
08815515158
08819615629
08814496504
08817950172
08813735591
08817038160
08819836962
08813069745
08818895243
08814222501
08811805667
08812332355
08816618821
08818267437
08811371871
08816530298
08819280060
08812290215
08812968988
08812468546
08819663016
08812912032
08815563278
08817217193
08817198402
08813765638
08815012015
08812624863
08818310925
08811538574
08818179132
08813940665
08813006647
08815275596
08819663767
08814853265
08813237882
08814199152
08818356072
08817786887
08818238436
08813033037
08814903282
08815393386
08815729042
08814635093
08817790307
08813385147
08811978136
08812104055
08818655745
08815943021
08819906798
08814422375
08815044971
08811321176
08811349091
08813344968
08815294925
08813199949
08819906830
08811284520
08815178513
08814322837
08817561727
08815530917
08818821873
08817616110
08811960924
08813271291
08818689745
08813738417
08817517993
08818454991
08812900342
08815254214
08813721478
08814288092
08812953820
08812811487
08811724684
08816483938
08811771883
08811414587
08819397306
08817469737
08816170298
08812466847
08817439281
08811880690
08813966844
08812870368
08815637981
08815649334
08819892997
08812488947
08818286118
08816263684
08813082383
08813808571
08818759745
08811164082
08819813629
08816138407
08814243515
08817669843
08819116359
08811947110
08813002747
08812395226
08814461098
08819648826
08814666883
08811724296
08817931515
08817202405
08816281363
08819448346
08818199798
08818228066
08811122401
08812439911
08812025732
08813919820
08818075784
08819691719
08811378933
08816775401
08815917257
08819395944
08815564949
08818579219
08812620483
08818140005
08814610336
08816049168
08817859340
08813357238
08819980089
08814826926
08815600653
08813678401
08815849313
08815506778
08811726349
08817514239
08812232541
08816370504
08814463346
08818971507
08819983276
08817077348
08816862054
08813644999
08815317842
08815047340
08816702333
08818076759
08812398024
08811476804
08816420794
08813419155
08812912232
08812328519
08814644769
08818094283
08812905365
08816393377
08817130614
08819134897
08818939786
08817024707
08814404906
08816116243
08817843211
08816398660
08819259372
08815084489
08815896944
08812364592
08816391787
08816239637
08813825026
08818519487
08816614577
08813600131
08814934990
08812468565
08815376527
08818600293
08814140154
08814461868
08818878712
08813295923
08813775137
08818110340
08814156072
08819009381
08816544495
08816474779
08816161679
08817740368
08817352553
08815387942
08819559999
08817606355
08814624511
08817032604
08811369925
08811357468
08812556976
08819979133
08815011995
08812796155
08818781688
08811901340
08816875790
08811334365
08814789213
08815916767
08812429874
08815474640
08816779615
08816674822
08814656379
08815123884
08818660882
08817072826
08819769909
08817598196
08817564795
08815204144
08812240847
08817145999
08817065826
08811398594
08813053111
08815644782
08818031187
08812649716
08817575172
08819435134
08817692415
08814379949
08813563020
08815396519
08817431854
08812993210
08816273418
08818086854
08816123809
08817695750
08817331728
08812465837
08815504925
08814073365
08814104572
08813538893
08814039662
08816931937
08813255615
08811775609
08818098068
08817037639
08819370447
08817708449
08813649543
08818607618
08818728374
08816777499
08816038105
08817001616
08813901485
08815658877
08814991530
08812347918
08812369164
08814558346
08814956556
08818090616
08814046302
08817463917
08814166891
08818326164
08812377076
08815157407
08813955312
08814956793
08811726008
08818631651
08819740571
08818441903
08813747998
08817702278
08817527928
08813134888
08818930840
08813289135
08818712934
08819592062
08816106856
08814024298
08812981896
08818600544
08819368871
08811627127
08815825210
08816786899
08813148586
08818332582
08815599583
08815228926
08812902499
08819140121
08818221744
08817294641
08813483678
08818242817
08813115075
08819549440
08813110120
08815756430
08817718534
08818940292
08811258168
08816738390
08812663545
08813106638
08812092526
08816537402
08811943368
08812284329
08817924206
08814971273
08817745528
08815552105
08811868075
08818403046
08819394856
08811674203
08813823071
08813124256
08815585265
08816523981
08813600036
08813923537
08814698866
08819456603
08819866391
08816832969
08813411074
08815818575
08819470438
08819200022
08817449130
08813393768
08815451785
08814610197
08813394827
08812804029
08812744808
08816890429
08815018312
08811558325
08816903413
08815309574
08812053217
08815233657
08813807261
08814895664
08813750743
08818530911
08814001963
08816736456
08815610706
08814818760
08813574539
08815614625
08818896600
08816928441
08819726179
08813765352
08812576797
08813355184
08818662850
08817155981
08813720115
08816379055
08811789592
08817664999
08814791397
08813746070
08817964079
08813805592
08811523405
08817021284
08813901215
08813437522
08818237498
08819225522
08814566895
08818215461
08815072188
08811177174
08812041581
08817098770
08818368045
08813877767
08813799622
08819164283
08813834359
08813190859
08816142539
08812659742
08819934681
08816704144
08813067224
08815826031
08813547189
08811512262
08818776395
08814074757
08814144293
08811342740
08812890940
08818032909
08819115304
08818027357
08819967018
08812556122
08814676746
08817387162
08818141472
08815340896
08813576913
08811553755
08817363762
08814514421
08812567460
08817919668
08812905735
08811766988
08812299693
08813020945
08812673358
08818899382
08819587331
08813675157
08813601482
08818791870
08816283150
08814984993
08815439776
08811875055
08816849042
08818835937
08816881649
08819964321
08816296444
08813700854
08813420616
08815492671
08816953118
08811315127
08818909645
08817454413
08819854078
08816389485
08813229571
08819095217
08819236157
08816822950
08811740828
08816689894
08819737371
08818464465
08817405033
08817253253
08819385878
08814957044
08818551689
08815226249
08818987989
08815470105
08816882104
08813709827
08814694365
08811782367
08819982387
08818622196
08812289323
08819073119
08815701336
08812302514
08811709545
08818743456
08813427134
08812501302
08816593058
08819662918
08819836458
08817743485
08814247696
08819590141
08811508281
08819688721
08813758671
08816375560
08817698319
08814155626
08816239962
08816339322
08815944063
08812970101
08811345035
08815246063
08811611893
08818461560
08814890178
08814265512
08815743486
08811770058
08818198252
08818664699
08813721633
08811531841
08816383981
08811922774
08819803772
08815461316
08816154035
08819588513
08819004241
08818802318
08815137988
08816097741
08812570521
08815328225
08816930128
08814194225
08818376454
08812159865
08814496264
08819593178
08814959569
08814055556
08814123986
08818302183
08813435342
08818477004
08819140882
08817892316
08816558153
08819237071
08814922460
08815946161
08818272580
08817955136
08818853701
08813398364
08811214834
08815661032
08817864093
08811362401
08811748787
08819559637
08813286263
08818220029
08812978591
08812202510
08818308496
08811374860
08819849682
08814281411
08812991536
08815346896
08815705072
08812009138
08817073042
08813000747
08815431609
08816300119
08819468706
08817356446
08817558364
08811222725
08815170484
08814337057
08814702859
08816388314
08817427240
08815914279
08819050903
08817652437
08816159851
08813204791
08815547927
08812214356
08819806758
08814335159
08816037595
08813165599
08819281877
08814680949
08816611318
08817635539
08818207498
08819920327
08811531740
08813051772
08814009980
08817344363
08818535727
08816008017
08814923213
08812892479
08811995854
08817563713
08819977416
08816487558
08819650399
08815485540
08818470508
08818540821
08813697231
08811169033
08819908309
08818937667
08811637243
08816209706
08818083681
08818089343
08817696321
08812356130
08812636429
08817586305
08814360451
08812263468
08817872428
08818911227
08814005274
08817011738
08816863968
08817024463
08818843765
08812639202
08815390398
08813101074
08816514743
08818371740
08814845696
08816285842
08818034532
08819372257
08815720377
08819965405
08812095486
08812091148
08816263671
08813494249
08813631828
08815291756
08818887872
08812820399
08814144805
08811763836
08814263806
08818647431
08818751126
08813872863
08813580957
08817751592
08819048726
08814345709
08817137415
08812911101
08814621398
08818492757
08814836005
08813767871
08811298524
08816349900
08814627524
08812747793
08817257793
08819712353
08817709237
08816218479
08815209409
08811558593
08814035082
08816922561
08811607780
08819761080
08812570349
08815681753
08812624077
08813152600
08814213192
08812372666
08813962168
08818100751
08817120955
08813066641
08818158506
08811854933
08816009139
08815828879
08819158804
08814300593
08815661192
08812220350
08811753776
08813694920
08817745503
08819321667
08813265399
08813060713
08814785794
08816945490
08815903039
08819499203
08814713561
08815814297
08819374621
08816726463
08817017559
08812659022
08819569990
08819348824
08817994857
08815404355
08816638137
08811529827
08813163498
08811693086
08818462576
08817224295
08812915892
08811139875
08814711697
08812938963
08819085492
08812618176
08819844058
08813157577
08812973149
08815221665
08817500881
08819490183
08814287353
08814793580
08813339952
08817186245
08819506088
08813595661
08818416513
08816037987
08812754271
08814625236
08817584948
08816691497
08818893155
08817083140
08815815521
08815578426
08812256240
08815872141
08819033747
08812727468
08816416923
08817636841
08817234472
08814847193
08819990590
08812664024
08813893697
08814718639
08812465839
08812515977
08812787848
08819405541
08819643612
08812281287
08816503674
08816424208
08818122922
08817183535
08813322580
08817319667
08813934481
08815204526
08816636360
08812279478
08812496286
08815292122
08815313667
08819669013
08817026342
08812421118
08813261835
08814855360
08814997406
08816805273
08812485952
08816045104
08819736705
08818249059
08817194668
08819139515
08814851059
08819652174
08819412101
08815702648
08813213714
08818827615
08816359654
08817755250
08815999584
08811415077
08817534154
08818407715
08818140620
08819409781
08811184578
08815227869
08816726668
08818500645
08816415368
08816549357
08816330572
08818926591
08818021289
08814994690
08813328895
08819976210
08812687060
08817272048
08816211942
08819807677
08815315569
08819368576
08819793656
08817511444
08816584886
08819450842
08813429013
08811305321
08819564715
08814189048
08818806329
08816665883
08813431957
08814098629
08812385839
08811392321
08818966921
08811675187
08819909147
08818342021
08819538198
08815298719
08819319829
08811422102
08817209509
08816248911
08818818459
08819208238
08817885866
08812859571
08819716454
08812531568
08815725746
08816894987
08816253235
08815751989
08819842154
08812942034
08814201054
08818629026
08811272776
08814247122
08819525868
08815050360
08813098827
08819336446
08812393497
08815933695
08815523904
08811824183
08816439958
08819898754
08818375604
08818663351
08816184450
08818390571
08819596562
08812027868
08815687896
08814978612
08819195439
08816513791
08816529975
08811491087
08814736432
08812817119
08819772897
08814131740
08819535730
08817467663
08813714907
08819401925
08816017133
08814093320
08817137605
08814861408
08818925483
08812117891
08818808291
08815545535
08817094993
08814995067
08817559718
08816605159
08814670936
08813501424
08812016185
08811469470
08816710761
08817734464
08819749831
08815833379
08817790333
08816699780
08811928417
08815063757
08817662784
08811741993
08814157806
08819141827
08816140656
08819327608
08819243391
08819312360
08811797214
08811759100
08814586140
08814471666
08818248966
08812976452
08817035264
08816286413
08817601096
08815687546
08818737445
08818829192
08816965821
08813404482
08818674844
08818051810
08815819731
08812892622
08814319782
08817974657
08815445899
08815535949
08817311375
08814538164
08811626525
08815293566
08819672330
08814809038
08811556124
08815280490
08814108161
08811697321
08818371735
08817621457
08814601987
08811792613
08812194767
08817197263
08816077132
08819305924
08812309712
08816919977
08815435271
08816712442
08816165027
08812815894
08811748516
08816044124
08811742132
08812684462
08818716077
08816581142
08816732079
08817474340
08811113751
08813450666
08813217655
08814518858
08814382832
08813053079
08819906247
08814086003
08817022498
08819156698
08811413146
08814139803
08817696268
08817548592
08819840174
08814125246
08817263826
08812271515
08813649296
08819223703
08818900313
08812090845
08817242468
08813730082
08819948949
08815358749
08818702500
08811992248
08818255640
08812889426
08819405596
08813282708
08814586721
08814931370
08819544844
08812568218
08819481408
08819613563
08814215118
08814431914
08818961328
08814279212
08814965886
08812410105
08816661949
08816798669
08816962004
08812378534
08818618196
08816118819
