
08223225554
08229852590
08229002145
08228742986
08229005859
08228185143
08227031105
08224985514
08221629772
08222299175
08225333141
08221829725
08226003184
08228403916
08228382937
08228115976
08227991464
08224153557
08225109455
08229773835
08224922975
08225648830
08223115068
08225360904
08228554967
08222285529
08227265857
08225719873
08229544686
08222247860
08227246745
08226340860
08221938727
08226154229
08225958143
08225639907
08224131824
08222950286
08229487835
08224822770
08224048718
08223652114
08227662851
08225430225
08228090823
08226494487
08228635356
08225787173
08228538087
08225994676
08221243949
08222147342
08222414969
08229897003
08229359542
08226508287
08228848612
08225588379
08223720490
08224419966
08224375310
08225265738
08221321844
08225108499
08223447499
08226828644
08229551438
08228909910
08224953117
08226363621
08222132478
08225162094
08227459244
08226227809
08223221736
08228264107
08222611090
08226876212
08222288659
08224371959
08228711108
08227287717
08226399555
08226986149
08222171105
08229740707
08225198391
08229049408
08221323347
08226656535
08228381666
08223735995
08226008832
08224473910
08228172130
08228307163
08226013960
08229210790
08223489663
08221381936
08225288246
08229641892
08225408427
08228383766
08224416756
08228093892
08222315326
08222718347
08227827341
08229380020
08222148406
08227888233
08226099926
08223706286
08229663909
08225152909
08224115959
08227013305
08228217844
08224952525
08223899001
08229556425
08223946059
08226138002
08224854859
08227792423
08224235730
08229536788
08222323282
08226401623
08225454370
08226979423
08225720528
08227770267
08228369598
08226724820
08223101461
08224712110
08228789115
08229198482
08225610151
08227018787
08221202781
08226415657
08227084168
08227860552
08228956231
08227798048
08227359951
08227670111
08228294910
08226240754
08226396941
08226961057
08229595640
08227712745
08224569511
08223087320
08229087296
08228677833
08221356080
08225363330
08227659843
08227598467
08228086105
08226124973
08226627565
08227487890
08223148122
08223677912
08227098151
08222954542
08223470800
08222432943
08229449987
08221112505
08223161794
08223556464
08229289977
08222701893
08229256391
08228009587
08222233536
08224147850
08225379381
08224816905
08228312655
08226129609
08225249186
08229385005
08222096425
08222418349
08223857775
08227843984
08229688391
08221223045
08221665102
08222819439
08223577462
08221330024
08222518796
08228425272
08226627124
08223903313
08227463189
08222884014
08222588471
08222389880
08225518801
08222440616
08228405696
08225564645
08223947462
08225435445
08223478602
08229707159
08228646984
08223465074
08224415672
08223735103
08228188601
08228639276
08222339176
08221575056
08228332462
08224392200
08222727765
08229119789
08222519395
08226495710
08227430601
08227650725
08222287478
08224492755
08226039943
08222113701
08222112044
08224771037
08226677845
08223244505
08225614482
08226319500
08229287289
08227735134
08223556878
08221233846
08226060118
08225934931
08226506721
08226761281
08229459917
08225681971
08223344712
08225022625
08226066169
08227999374
08223025676
08228904227
08225668141
08225336588
08224312898
08229482556
08229533431
08229196240
08229164872
08228779763
08226053120
08225314054
08226197775
08229749096
08223302226
08229973332
08223511536
08221818044
08226405053
08222662116
08225654611
08227423453
08226486409
08228830156
08221701835
08224405568
08225507640
08225140155
08222124535
08227881929
08223286319
08225731493
08225860737
08223796143
08224545007
08229565443
08223225357
08227862788
08225687449
08222028418
08224400522
08228541387
08229510889
08224890586
08222921533
08228871712
08222522560
08229894873
08227822364
08224993719
08229059159
08224941115
08226017244
08222116420
08221878339
08229488756
08229636191
08222984018
08223313636
08228874040
08227386885
08221534717
08224601013
08222251002
08226658630
08225030675
08224739661
08221805899
08227884495
08222109570
08224158624
08227961502
08224247277
08228824290
08221474207
08223156223
08226278466
08225583205
08224170041
08225010843
08226779949
08226603994
08228050539
08221573911
08228252656
08222114470
08224837950
08228486463
08229316063
08221811387
08229773413
08228725412
08226623166
08227670881
08227193001
08221997977
08222601807
08228286387
08226813634
08227542120
08229414652
08221881739
08222215027
08226635699
08225292298
08222214973
08226275759
08229469894
08224977659
08226650333
08229141495
08225376128
08223577924
08225509212
08223607590
08225954707
08221299997
08226186844
08221979269
08225887474
08226254043
08226615629
08224385445
08221792848
08224926229
08223457899
08228147649
08222123731
08226783862
08228555311
08229001525
08229719901
08223207330
08227494975
08222134768
08224855609
08225289700
08224439644
08224362530
08225294794
08221148228
08221390625
08225718717
08227632069
08229041863
08224244218
08223350803
08224892447
08223119485
08221940518
08228905780
08228361343
08224603014
08223778420
08221852911
08226953858
08223059353
08226004220
08229547297
08228731830
08227719185
08225211961
08227059182
08224363503
08224225529
08225847130
08225045625
08225395379
08222565459
08226697907
08227464374
08225442348
08225405623
08221487585
08229485299
08227898912
08221893809
08225512634
08223274020
08228942557
08224893466
08224735261
08223248236
08224542512
08228719970
08229170759
08225096463
08224751070
08224851467
08224483652
08229659467
08221776293
08229211634
08223142443
08229592183
08227265852
08224011350
08224769175
08229555398
08225268270
08223197188
08226084704
08223857331
08221444964
08221761073
08227849299
08227736410
08227371683
08226775128
08222802955
08223595229
08224050625
08227551496
08228237636
08224261356
08222955696
08224847079
08227440117
08222767679
08221259195
08229102789
08225674440
08224947424
08224258105
08225097430
08229461430
08227003687
08226021177
08229980382
08223223643
08222583271
08223302407
08227079529
08229027696
08224547746
08225927366
08229924259
08228545998
08224915063
08223800280
08227909665
08223072043
08221597547
08222945822
08222547428
08224118491
08224936477
08221451741
08225104410
08224090375
08221256935
08224718072
08227439215
08226255177
08227825253
08227807035
08225616434
08229343255
08227488520
08227483257
08224585328
08222337416
08228356629
08225295235
08228155009
08226300924
08222559776
08227807663
08227697482
08226230359
08226223597
08225506844
08221995366
08226914920
08225782252
08228106099
08223988722
08225745082
08221772269
08229721855
08225968764
08224799258
08227573186
08222330314
08226238345
08226075041
08228268992
08224324814
08221938525
08224399024
08223621525
08225887792
08224872585
08223423322
08224412978
08222686982
08224875550
08223152380
08223739744
08223156867
08222628783
08224284677
08222560709
08222715971
08226948982
08222850052
08223343334
08223082340
08224737403
08221388163
08226804979
08221728013
08227789697
08229171609
08222686603
08222225371
08223755335
08221339216
08227509803
08224403913
08228405835
08225995810
08226244897
08225712159
08228491368
08229243671
08228790747
08221619075
08228949499
08221150147
08229017891
08227071199
08222022968
08224902172
08229886893
08226714851
08224361042
08227407851
08226672233
08223111457
08222910576
08227817574
08223283670
08227288959
08225529134
08223597219
08229272938
08226742550
08224038677
08228138984
08226859839
08229555175
08228754966
08222131770
08223545669
08224227146
08223311081
08221584488
08227612497
08226195066
08224434095
08228643002
08225371032
08223143405
08229451167
08224827704
08224624412
08228587081
08222131193
08228966100
08221769375
08224927197
08228095826
08221776268
08227710162
08222628503
08221243539
08229141718
08229498746
08221496398
08228456057
08221624406
08227170330
08227065798
08228018321
08222573865
08226100758
08227168599
08228080968
08221615625
08221746984
08223264306
08226401410
08221749921
08222971151
08221736029
08221363142
08222965227
08225286345
08227415928
08227251740
08221466338
08227962608
08226325990
08221920032
08226739585
08221970231
08222582878
08224425659
08228613609
08222782836
08229985576
08229225209
08223814477
08223141393
08223659421
08226677733
08229333000
08225022310
08227833094
08221619670
08226033313
08228470537
08229926035
08227197101
08223880861
08223091288
08228397536
08221679188
08224558780
08226178184
08226766007
08229769376
08223355982
08222853282
08229081643
08229646846
08223961335
08225474265
08227604715
08228851318
08223900374
08229197260
08223304044
08222286807
08222193872
08225848814
08229805016
08223692362
08221426774
08223768897
08227791191
08229857903
08225975541
08229405357
08221344976
08225636203
08229972074
08227915987
08227263150
08229396139
08228470256
08226360903
08228105741
08226382351
08225116958
08224289433
08229002505
08225229783
08224283979
08224977980
08221230976
08223116935
08228710333
08227673606
08228882139
08224045974
08229529256
08229559236
08222987027
08229389932
08222221222
08225190192
08224147824
08229343765
08225486430
08225038013
08222578518
08225266653
08221234953
08223146458
08228859092
08229275867
08222760574
08222987597
08225715030
08226572177
08225409856
08228238710
08225844434
08224120988
08224178616
08225402351
08229660574
08228792454
08225761607
08227978326
08226140400
08222165987
08229550045
08221454692
08226762560
08222076302
08224492463
08223109826
08221158210
08227804119
08222749610
08223018662
08227561439
08229691429
08228045965
08226788192
08228956138
08223207420
08225757731
08229138561
08227357275
08229963644
08221553698
08225971652
08229284230
08223583956
08227125212
08225647580
08223036497
08227593775
08226429329
08227067042
08224451620
08225429043
08227183042
08223392424
08228968288
08228645022
08224508263
08224340094
08228328421
08225054256
08221614048
08223109908
08224932701
08227249690
08227568909
08228568864
08226257774
08227315744
08227582893
08229746604
08228229454
08222213205
08225319106
08225796805
08222562845
08228839466
08226436037
08224774574
08226678816
08224453368
08227334383
08225285604
08228655162
08221661908
08226966048
08224904559
08224998677
08225529960
08221880662
08224866945
08226848993
08229897404
08224287195
08222480712
08226264203
08221563792
08223074984
08221845136
08228975511
08223840996
08229691934
08226760599
08229070750
08228875181
08227064432
08229103239
08225840660
08228724264
08227023865
08225954343
08222128967
08224982192
08225870379
08225414777
08224479832
08221897202
08228027823
08228230105
08222294300
08224625060
08224072701
08224403495
08229086381
08226452622
08221314279
08224298032
08228797208
08223592079
08228668953
08221723201
08228042676
08223369648
08225228321
08227673743
08221202261
08221416995
08224397394
08224926319
08227655573
08227150314
08228151328
08225057506
08225155856
08223575503
08225166905
08226502210
08223774150
08224778997
08222806822
08222873233
08227321899
08228459030
08227703570
08225063286
08225603127
08225566366
08227369316
08225788347
08221531260
08221775286
08229047981
08227817193
08224356450
08222583442
08228361306
08225744501
08223278381
08221622835
08221782450
08225878275
08224705528
08229659115
08223149158
08227001742
08229062172
08226940886
08222392024
08224992648
08229034562
08227193548
08223666667
08225844532
08221905974
08225579215
08221829622
08224297960
08222192537
08225496759
08229163839
08227418869
08228850732
08221611951
08226767261
08228514152
08226910086
08224106138
08227922405
08223219489
08226397737
08226031842
08221395239
08224064779
08223088064
08224713993
08229544122
08226823825
08229039126
08221984607
08226069884
08226034620
08223052793
08222682962
08222770547
08224668194
08229111677
08223860900
08222663059
08228690961
08223539933
08221637964
08222566120
08223676422
08223437908
08224520283
08226279641
08229354983
08227476948
08226537442
08225758346
08226093234
08224592907
08229488993
08228192766
08226631199
08221173043
08221918088
08223104409
08228229958
08222917428
08229295232
08224814184
08225997221
08227251909
08228028603
08226035446
08223208267
08223889641
08225349783
08226406830
08223841693
08227421238
08226816168